3.000000000000000000e+02
3.020202020202020208e+02
3.040404040404040416e+02
3.060606060606060623e+02
3.080808080808080831e+02
3.101010101010101039e+02
3.121212121212121247e+02
3.141414141414141454e+02
3.161616161616161662e+02
3.181818181818181870e+02
3.202020202020202078e+02
3.222222222222222285e+02
3.242424242424242493e+02
3.262626262626262701e+02
3.282828282828282909e+02
3.303030303030303116e+02
3.323232323232323324e+02
3.343434343434343532e+02
3.363636363636363740e+02
3.383838383838383947e+02
3.404040404040404155e+02
3.424242424242424363e+02
3.444444444444444571e+02
3.464646464646464779e+02
3.484848484848484986e+02
3.505050505050505194e+02
3.525252525252525402e+02
3.545454545454545610e+02
3.565656565656565817e+02
3.585858585858586025e+02
3.606060606060606233e+02
3.626262626262626441e+02
3.646464646464646648e+02
3.666666666666666856e+02
3.686868686868687064e+02
3.707070707070707272e+02
3.727272727272727479e+02
3.747474747474747687e+02
3.767676767676767895e+02
3.787878787878788103e+02
3.808080808080808310e+02
3.828282828282828518e+02
3.848484848484848726e+02
3.868686868686868934e+02
3.888888888888889142e+02
3.909090909090909349e+02
3.929292929292929557e+02
3.949494949494949765e+02
3.969696969696969973e+02
3.989898989898989612e+02
4.010101010101010388e+02
4.030303030303030027e+02
4.050505050505050804e+02
4.070707070707070443e+02
4.090909090909091219e+02
4.111111111111110858e+02
4.131313131313131635e+02
4.151515151515151274e+02
4.171717171717172050e+02
4.191919191919191690e+02
4.212121212121212466e+02
4.232323232323232105e+02
4.252525252525252881e+02
4.272727272727272521e+02
4.292929292929293297e+02
4.313131313131312936e+02
4.333333333333333712e+02
4.353535353535353352e+02
4.373737373737374128e+02
4.393939393939393767e+02
4.414141414141414543e+02
4.434343434343434183e+02
4.454545454545454959e+02
4.474747474747474598e+02
4.494949494949495374e+02
4.515151515151515014e+02
4.535353535353535790e+02
4.555555555555555429e+02
4.575757575757576205e+02
4.595959595959595845e+02
4.616161616161616621e+02
4.636363636363636260e+02
4.656565656565657036e+02
4.676767676767676676e+02
4.696969696969697452e+02
4.717171717171717091e+02
4.737373737373737868e+02
4.757575757575757507e+02
4.777777777777778283e+02
4.797979797979797922e+02
4.818181818181818699e+02
4.838383838383838338e+02
4.858585858585859114e+02
4.878787878787878753e+02
4.898989898989899530e+02
4.919191919191919169e+02
4.939393939393939377e+02
4.959595959595959584e+02
4.979797979797979792e+02
5.000000000000000000e+02
