0.000000000000000000e+00 7.000976920380682422e+00
1.501501501501501488e-02 3.913720224313832485e+00
3.003003003003002977e-02 5.714526272678313035e+00
4.504504504504504292e-02 1.049308110627979751e+01
6.006006006006005954e-02 9.583845816268304674e+00
7.507507507507507616e-02 7.255264630344954391e+00
9.009009009009008584e-02 6.550371420441079451e+00
1.051051051051051094e-01 9.578355718267378194e+00
1.201201201201201191e-01 7.263061901128430975e+00
1.351351351351351426e-01 8.262630797764304091e+00
1.501501501501501523e-01 1.170838956350171856e+01
1.651651651651651620e-01 1.114144067137782912e+01
1.801801801801801717e-01 7.256285291555836459e+00
1.951951951951951814e-01 8.891529078950009435e+00
2.102102102102102188e-01 1.162933178650403754e+01
2.252252252252252285e-01 6.085889109043028711e+00
2.402402402402402382e-01 3.050597388626379747e+00
2.552552552552552756e-01 9.489012818671895388e+00
2.702702702702702853e-01 7.148521160815173303e+00
2.852852852852852950e-01 1.038873842607530662e+01
3.003003003003003046e-01 6.683706588582593255e+00
3.153153153153153143e-01 7.845091799979156733e+00
3.303303303303303240e-01 8.649553657500373305e+00
3.453453453453453337e-01 8.699848797699146985e+00
3.603603603603603434e-01 3.958768221365415840e+00
3.753753753753753530e-01 3.339826467536517463e+00
3.903903903903903627e-01 2.768808216680033851e+00
4.054054054054054279e-01 9.469644979385567041e+00
4.204204204204204376e-01 4.626819062071222177e+00
4.354354354354354473e-01 2.562037115359250716e+00
4.504504504504504570e-01 8.339466887220668312e+00
4.654654654654654666e-01 8.286917098195315745e+00
4.804804804804804763e-01 5.478854182926172101e+00
4.954954954954954860e-01 7.369834157775343009e+00
5.105105105105105512e-01 1.020842660612940023e+01
5.255255255255255609e-01 4.810723214032531558e+00
5.405405405405405705e-01 1.068161935942200280e+01
5.555555555555555802e-01 9.817749778633334756e+00
5.705705705705705899e-01 6.219444318905384961e+00
5.855855855855855996e-01 4.425880214205177410e+00
6.006006006006006093e-01 9.879753211634561438e+00
6.156156156156156189e-01 1.157159829056414679e+01
6.306306306306306286e-01 3.136956563587074864e+00
6.456456456456456383e-01 1.007256220302584993e+01
6.606606606606606480e-01 4.227339232040359107e+00
6.756756756756756577e-01 5.622175360343842243e+00
6.906906906906906674e-01 2.594159809018315777e+00
7.057057057057056770e-01 3.613720943507336525e+00
7.207207207207206867e-01 5.894573603388199246e+00
7.357357357357356964e-01 3.202578599663835401e+00
7.507507507507507061e-01 8.740721533474193450e+00
7.657657657657657158e-01 8.686552137549421460e+00
7.807807807807807254e-01 3.481151096375836751e+00
7.957957957957957351e-01 5.835610196947881967e+00
8.108108108108108558e-01 2.682790455466858681e+00
8.258258258258258655e-01 6.520771265345379319e+00
8.408408408408408752e-01 5.409636153392835212e+00
8.558558558558558849e-01 8.697938603951103076e+00
8.708708708708708945e-01 1.149615874762539924e+01
8.858858858858859042e-01 1.073668815623996586e+01
9.009009009009009139e-01 8.368690805388039777e+00
9.159159159159159236e-01 3.098875861961498224e+00
9.309309309309309333e-01 1.154364043276764029e+01
9.459459459459459429e-01 1.014238386756615995e+01
9.609609609609609526e-01 2.883986337835587666e+00
9.759759759759759623e-01 7.570630269287231151e+00
9.909909909909909720e-01 4.383659631062709394e+00
1.006006006006006093e+00 9.022311747172102159e+00
1.021021021021021102e+00 1.097513896703169145e+01
1.036036036036036112e+00 9.921464505775928089e+00
1.051051051051051122e+00 1.012333801549357126e+01
1.066066066066066131e+00 6.407176295195972315e+00
1.081081081081081141e+00 2.269670291784811056e+00
1.096096096096096151e+00 2.865716347019432675e+00
1.111111111111111160e+00 5.361827743281718739e+00
1.126126126126126170e+00 5.417690314236351057e+00
1.141141141141141180e+00 8.147234139173784584e+00
1.156156156156156189e+00 7.904800178901435714e+00
1.171171171171171199e+00 8.455650131977828110e+00
1.186186186186186209e+00 5.879580911790771580e+00
1.201201201201201219e+00 6.166738191724607354e+00
1.216216216216216228e+00 6.572384263470743448e+00
1.231231231231231238e+00 6.698578327015084710e+00
1.246246246246246248e+00 3.216226815187587462e+00
1.261261261261261257e+00 3.694704056525946356e+00
1.276276276276276267e+00 3.804737844810476055e+00
1.291291291291291277e+00 1.074665665228313394e+01
1.306306306306306286e+00 8.814266928521531597e+00
1.321321321321321296e+00 3.854088462056044939e+00
1.336336336336336306e+00 6.916379065588508013e+00
1.351351351351351315e+00 4.598733249757751551e+00
1.366366366366366325e+00 3.983612594287499142e+00
1.381381381381381335e+00 9.372774621192370148e+00
1.396396396396396344e+00 4.493791147320576940e+00
1.411411411411411354e+00 9.410030407819899523e+00
1.426426426426426364e+00 3.935370194057072446e+00
1.441441441441441373e+00 2.861644504045919746e+00
1.456456456456456383e+00 9.179961763190668478e+00
1.471471471471471393e+00 1.047834270608311869e+01
1.486486486486486402e+00 3.130805899628641420e+00
1.501501501501501412e+00 2.928546136445391745e+00
1.516516516516516422e+00 4.898867223056687870e+00
1.531531531531531432e+00 5.469173219011818077e+00
1.546546546546546441e+00 6.469591423101546113e+00
1.561561561561561451e+00 1.093975503079745337e+01
1.576576576576576461e+00 6.367813374542647509e+00
1.591591591591591470e+00 5.263582388675603241e+00
1.606606606606606702e+00 4.054800653275725253e+00
1.621621621621621712e+00 8.107202807058193628e+00
1.636636636636636721e+00 5.894797781423293692e+00
1.651651651651651731e+00 5.860490041988683174e+00
1.666666666666666741e+00 8.676073802310062533e+00
1.681681681681681750e+00 9.773500232454505721e+00
1.696696696696696760e+00 1.100804519402799642e+01
1.711711711711711770e+00 9.967573250507905769e+00
1.726726726726726779e+00 4.627652669430049492e+00
1.741741741741741789e+00 8.507995696806283092e+00
1.756756756756756799e+00 6.448825074527658963e+00
1.771771771771771808e+00 3.160296329213166722e+00
1.786786786786786818e+00 4.711748793941284319e+00
1.801801801801801828e+00 3.776422614456543592e+00
1.816816816816816837e+00 9.232097548903576367e+00
1.831831831831831847e+00 9.507291948647326407e+00
1.846846846846846857e+00 4.793842635794702822e+00
1.861861861861861867e+00 4.256759869544010755e+00
1.876876876876876876e+00 1.007045146406422731e+01
1.891891891891891886e+00 8.663253054079023130e+00
1.906906906906906896e+00 3.738351403426781516e+00
1.921921921921921905e+00 5.366912717509840114e+00
1.936936936936936915e+00 5.309708802558551710e+00
1.951951951951951925e+00 1.148721935790303839e+01
1.966966966966966934e+00 4.140424065055457348e+00
1.981981981981981944e+00 1.021222511049633752e+01
1.996996996996996954e+00 1.020589097275353829e+01
2.012012012012012185e+00 2.755356866354704781e+00
2.027027027027027195e+00 7.785696404317441477e+00
2.042042042042042205e+00 8.776076813631473073e+00
2.057057057057057214e+00 9.223540897622395818e+00
2.072072072072072224e+00 7.645923153977360442e+00
2.087087087087087234e+00 1.138431193906271055e+01
2.102102102102102243e+00 2.492551534190583951e+00
2.117117117117117253e+00 8.843932319828535782e+00
2.132132132132132263e+00 7.368905767018275377e+00
2.147147147147147273e+00 7.586366837765723403e+00
2.162162162162162282e+00 5.008743448421036248e+00
2.177177177177177292e+00 7.389961132626739371e+00
2.192192192192192302e+00 5.469417904914879891e+00
2.207207207207207311e+00 8.402736188468885814e+00
2.222222222222222321e+00 8.932352446418736491e+00
2.237237237237237331e+00 8.897467801679697530e+00
2.252252252252252340e+00 3.528148032090666852e+00
2.267267267267267350e+00 7.806724215573875192e+00
2.282282282282282360e+00 1.073942947375872592e+01
2.297297297297297369e+00 4.376509889021420463e+00
2.312312312312312379e+00 1.094700813922723981e+01
2.327327327327327389e+00 5.057417046180500364e+00
2.342342342342342398e+00 8.555431044370493510e+00
2.357357357357357408e+00 4.334781759299203507e+00
2.372372372372372418e+00 2.745095499629917057e+00
2.387387387387387427e+00 3.210607406314234247e+00
2.402402402402402437e+00 5.234806103621358453e+00
2.417417417417417447e+00 6.024723130841278973e+00
2.432432432432432456e+00 1.233551230014071187e+01
2.447447447447447466e+00 9.473790433230822927e+00
2.462462462462462476e+00 4.075306652194242929e+00
2.477477477477477485e+00 3.881929574120722481e+00
2.492492492492492495e+00 9.189441792399819064e+00
2.507507507507507505e+00 9.423516349049670282e+00
2.522522522522522515e+00 1.000618976164984275e+01
2.537537537537537524e+00 1.033326887963400686e+01
2.552552552552552534e+00 4.286954212744598536e+00
2.567567567567567544e+00 7.611644659316272765e+00
2.582582582582582553e+00 6.596732611456698869e+00
2.597597597597597563e+00 9.958142054508314800e+00
2.612612612612612573e+00 2.548384970061684740e+00
2.627627627627627582e+00 5.917046979891155800e+00
2.642642642642642592e+00 3.177884555938753852e+00
2.657657657657657602e+00 4.212603250028473134e+00
2.672672672672672611e+00 8.649426875779624879e+00
2.687687687687687621e+00 2.976368640640203900e+00
2.702702702702702631e+00 9.654040674246314069e+00
2.717717717717717640e+00 5.879014730122621657e+00
2.732732732732732650e+00 8.693064380267594871e+00
2.747747747747747660e+00 7.794368800307159617e+00
2.762762762762762669e+00 3.432403731973585170e+00
2.777777777777777679e+00 7.138589640259095148e+00
2.792792792792792689e+00 7.538402055316547390e+00
2.807807807807807698e+00 9.007016217490042109e+00
2.822822822822822708e+00 8.179100378145435002e+00
2.837837837837837718e+00 5.178620470603548576e+00
2.852852852852852727e+00 5.136857369461571565e+00
2.867867867867867737e+00 7.128576851560264771e+00
2.882882882882882747e+00 6.382093651511103083e+00
2.897897897897897757e+00 8.364842527001897565e+00
2.912912912912912766e+00 5.932806938584539225e+00
2.927927927927927776e+00 6.354345102532321654e+00
2.942942942942942786e+00 2.979092191333665429e+00
2.957957957957957795e+00 4.381961160578216052e+00
2.972972972972972805e+00 6.185428762963704585e+00
2.987987987987987815e+00 7.320289958411674291e+00
3.003003003003002824e+00 1.010942068785319847e+01
3.018018018018017834e+00 2.825914697283957278e+00
3.033033033033032844e+00 5.685473160864388475e+00
3.048048048048047853e+00 9.509512532523235251e+00
3.063063063063062863e+00 4.872733005459555677e+00
3.078078078078077873e+00 4.073876120362311504e+00
3.093093093093092882e+00 3.137835072724691976e+00
3.108108108108107892e+00 1.266812878241386997e+01
3.123123123123122902e+00 4.840982457056463240e+00
3.138138138138137911e+00 7.830899077627078597e+00
3.153153153153152921e+00 3.116034969376779706e+00
3.168168168168167931e+00 6.963494453008649998e+00
3.183183183183182940e+00 9.534744538288300930e+00
3.198198198198197950e+00 7.178645823722288988e+00
3.213213213213213404e+00 5.594951718586266054e+00
3.228228228228228414e+00 1.145492214634622385e+01
3.243243243243243423e+00 5.599018076101296870e+00
3.258258258258258433e+00 4.732156089799092413e+00
3.273273273273273443e+00 5.323193030074244270e+00
3.288288288288288452e+00 5.672419663304630433e+00
3.303303303303303462e+00 1.010660531444533028e+01
3.318318318318318472e+00 7.158812551881562847e+00
3.333333333333333481e+00 8.423089149313327084e+00
3.348348348348348491e+00 1.019871621447991750e+01
3.363363363363363501e+00 1.000726841175591630e+01
3.378378378378378510e+00 1.088443010641110575e+01
3.393393393393393520e+00 8.095205767164486588e+00
3.408408408408408530e+00 9.854996422699107583e+00
3.423423423423423539e+00 8.849485535326866881e+00
3.438438438438438549e+00 1.123656532482194415e+01
3.453453453453453559e+00 5.436674170926601768e+00
3.468468468468468568e+00 3.243585408224659794e+00
3.483483483483483578e+00 8.253160823786199529e+00
3.498498498498498588e+00 7.695192971451847441e+00
3.513513513513513598e+00 4.492813946254663016e+00
3.528528528528528607e+00 7.337334615003712202e+00
3.543543543543543617e+00 1.192140170871208404e+01
3.558558558558558627e+00 8.747728247221175479e+00
3.573573573573573636e+00 1.032361407812973120e+01
3.588588588588588646e+00 3.007004017122269168e+00
3.603603603603603656e+00 7.451473773706098314e+00
3.618618618618618665e+00 1.267704226920539234e+01
3.633633633633633675e+00 9.410462005549280917e+00
3.648648648648648685e+00 1.280876040774495017e+01
3.663663663663663694e+00 3.553224367598707634e+00
3.678678678678678704e+00 1.202068791066869657e+01
3.693693693693693714e+00 6.923522713306637044e+00
3.708708708708708723e+00 3.860558157654152112e+00
3.723723723723723733e+00 1.293453301993207205e+01
3.738738738738738743e+00 1.162050214022798755e+01
3.753753753753753752e+00 1.214879330399772783e+01
3.768768768768768762e+00 5.423365459478976192e+00
3.783783783783783772e+00 6.571976107109485987e+00
3.798798798798798781e+00 1.036643890327625783e+01
3.813813813813813791e+00 6.317660192150617249e+00
3.828828828828828801e+00 1.181375765004624157e+01
3.843843843843843811e+00 7.200721865942002253e+00
3.858858858858858820e+00 3.961886246171128612e+00
3.873873873873873830e+00 4.026369286162847061e+00
3.888888888888888840e+00 9.326677100238061513e+00
3.903903903903903849e+00 5.903595564899975834e+00
3.918918918918918859e+00 5.715617533580851450e+00
3.933933933933933869e+00 1.318531144700884639e+01
3.948948948948948878e+00 9.311647309232045089e+00
3.963963963963963888e+00 6.097433530462817330e+00
3.978978978978978898e+00 6.677857274152254163e+00
3.993993993993993907e+00 8.058536842932728206e+00
4.009009009009009361e+00 1.241610000113195511e+01
4.024024024024024371e+00 8.624638467830678223e+00
4.039039039039039380e+00 6.693873505540321567e+00
4.054054054054054390e+00 6.975616038501254224e+00
4.069069069069069400e+00 6.832328253426103615e+00
4.084084084084084409e+00 6.001156489637669900e+00
4.099099099099099419e+00 1.054676351849435534e+01
4.114114114114114429e+00 6.438101261536942843e+00
4.129129129129129439e+00 9.648812455857562753e+00
4.144144144144144448e+00 8.893058398458597580e+00
4.159159159159159458e+00 1.323739714274010382e+01
4.174174174174174468e+00 1.143625472432204049e+01
4.189189189189189477e+00 1.179104563175703113e+01
4.204204204204204487e+00 4.455730653098489924e+00
4.219219219219219497e+00 1.004848472079861388e+01
4.234234234234234506e+00 5.815354118660309268e+00
4.249249249249249516e+00 1.165145097312077027e+01
4.264264264264264526e+00 4.116665878093995978e+00
4.279279279279279535e+00 7.367360731875995050e+00
4.294294294294294545e+00 9.473987160589153689e+00
4.309309309309309555e+00 5.311719504123287194e+00
4.324324324324324564e+00 9.121481761421737389e+00
4.339339339339339574e+00 8.912901888666645789e+00
4.354354354354354584e+00 4.637916706805001787e+00
4.369369369369369593e+00 1.104347921209325101e+01
4.384384384384384603e+00 1.197596224585973701e+01
4.399399399399399613e+00 1.326220361748926457e+01
4.414414414414414622e+00 1.050708687636533512e+01
4.429429429429429632e+00 1.155091354465916176e+01
4.444444444444444642e+00 4.815429083072705119e+00
4.459459459459459651e+00 1.378678249415191992e+01
4.474474474474474661e+00 1.379646413146149264e+01
4.489489489489489671e+00 4.749019233592808753e+00
4.504504504504504681e+00 9.255127585841531612e+00
4.519519519519519690e+00 6.337139063150178941e+00
4.534534534534534700e+00 1.035704708889535652e+01
4.549549549549549710e+00 8.436987556349112793e+00
4.564564564564564719e+00 8.193922505068773177e+00
4.579579579579579729e+00 7.026581134175735599e+00
4.594594594594594739e+00 1.012076072044494524e+01
4.609609609609609748e+00 1.224990627712630520e+01
4.624624624624624758e+00 1.182135940371381899e+01
4.639639639639639768e+00 8.069207025302400638e+00
4.654654654654654777e+00 6.909686384906162715e+00
4.669669669669669787e+00 4.372706885495878382e+00
4.684684684684684797e+00 9.120277333879991843e+00
4.699699699699699806e+00 7.773657396634497729e+00
4.714714714714714816e+00 9.704278889009650300e+00
4.729729729729729826e+00 1.303070389544325636e+01
4.744744744744744835e+00 1.252694281151059918e+01
4.759759759759759845e+00 5.106817941116897686e+00
4.774774774774774855e+00 7.012306735462582097e+00
4.789789789789789864e+00 9.218287618620339074e+00
4.804804804804804874e+00 6.115772846503545246e+00
4.819819819819819884e+00 4.540725166435904292e+00
4.834834834834834894e+00 9.171455168040699490e+00
4.849849849849849903e+00 1.244354999293987873e+01
4.864864864864864913e+00 5.401157327142575681e+00
4.879879879879879923e+00 7.161467870274777603e+00
4.894894894894894932e+00 1.312302119543390155e+01
4.909909909909909942e+00 7.762709589767198715e+00
4.924924924924924952e+00 9.623410006116792204e+00
4.939939939939939961e+00 1.003872908503452344e+01
4.954954954954954971e+00 1.215694230141795273e+01
4.969969969969969981e+00 7.336337032661005786e+00
4.984984984984984990e+00 6.558672675657096107e+00
5.000000000000000000e+00 1.226702158774000040e+01
5.015015015015015010e+00 1.290239887377981098e+01
5.030030030030030019e+00 1.443896692544636551e+01
5.045045045045045029e+00 6.506394332246092205e+00
5.060060060060060039e+00 7.397873243541853050e+00
5.075075075075075048e+00 1.089792154573652461e+01
5.090090090090090058e+00 1.288213523513676684e+01
5.105105105105105068e+00 7.289408885385356029e+00
5.120120120120120077e+00 9.112300624128645055e+00
5.135135135135135087e+00 1.344370215002429703e+01
5.150150150150150097e+00 1.421799270047993602e+01
5.165165165165165106e+00 9.566590831851012666e+00
5.180180180180180116e+00 4.866538771254878881e+00
5.195195195195195126e+00 1.315411622957213211e+01
5.210210210210210136e+00 1.266367806554393738e+01
5.225225225225225145e+00 7.473196737855168692e+00
5.240240240240240155e+00 1.251740041288366001e+01
5.255255255255255165e+00 5.277332249166030387e+00
5.270270270270270174e+00 1.392943970154229305e+01
5.285285285285285184e+00 1.010454388780209811e+01
5.300300300300300194e+00 1.459421430865746494e+01
5.315315315315315203e+00 5.864800855982303496e+00
5.330330330330330213e+00 8.041411794878927211e+00
5.345345345345345223e+00 5.992860791139832166e+00
5.360360360360360232e+00 8.206522228722015200e+00
5.375375375375375242e+00 5.411312700465984449e+00
5.390390390390390252e+00 1.258212918057363083e+01
5.405405405405405261e+00 1.212677079828701210e+01
5.420420420420420271e+00 1.001037733249943606e+01
5.435435435435435281e+00 1.135430690681375054e+01
5.450450450450450290e+00 8.153931028519114221e+00
5.465465465465465300e+00 6.347985563887817761e+00
5.480480480480480310e+00 8.619546028079149380e+00
5.495495495495495319e+00 1.152296964001265067e+01
5.510510510510510329e+00 1.212197494952365950e+01
5.525525525525525339e+00 1.346480517365215235e+01
5.540540540540540349e+00 7.595443312630163923e+00
5.555555555555555358e+00 6.895089431415526882e+00
5.570570570570570368e+00 7.584618445593392266e+00
5.585585585585585378e+00 1.323339449053375461e+01
5.600600600600600387e+00 1.296860280653739039e+01
5.615615615615615397e+00 1.531156769464008782e+01
5.630630630630630407e+00 9.715814260161797833e+00
5.645645645645645416e+00 8.539555690284013068e+00
5.660660660660660426e+00 7.814207993073567060e+00
5.675675675675675436e+00 1.319679737974812994e+01
5.690690690690690445e+00 7.190571320210583650e+00
5.705705705705705455e+00 5.894679538178111855e+00
5.720720720720720465e+00 9.354475191335531292e+00
5.735735735735735474e+00 1.529983445078897475e+01
5.750750750750750484e+00 1.008485303459313087e+01
5.765765765765765494e+00 6.588275851043341902e+00
5.780780780780780503e+00 1.222426202581232246e+01
5.795795795795795513e+00 1.492357967640142924e+01
5.810810810810810523e+00 1.522938031109855750e+01
5.825825825825825532e+00 9.637561185090564919e+00
5.840840840840840542e+00 6.667475696743736080e+00
5.855855855855855552e+00 1.448606092880899432e+01
5.870870870870870561e+00 1.259926725385350821e+01
5.885885885885885571e+00 9.953119823473873140e+00
5.900900900900900581e+00 1.003565468769628310e+01
5.915915915915915591e+00 9.140051614010324954e+00
5.930930930930930600e+00 1.551687790553405755e+01
5.945945945945945610e+00 1.399275668611287315e+01
5.960960960960960620e+00 1.538528127717786376e+01
5.975975975975975629e+00 1.524117039251682826e+01
5.990990990990990639e+00 1.462370064630863631e+01
6.006006006006005649e+00 1.161452755089666411e+01
6.021021021021020658e+00 7.686360338654198543e+00
6.036036036036035668e+00 1.573074154600015362e+01
6.051051051051050678e+00 1.310400932900086168e+01
6.066066066066065687e+00 1.354762267159518530e+01
6.081081081081080697e+00 1.481151223055951860e+01
6.096096096096095707e+00 1.017371555959110374e+01
6.111111111111110716e+00 8.829034701633585058e+00
6.126126126126125726e+00 8.498285838100876788e+00
6.141141141141140736e+00 1.069596991644159800e+01
6.156156156156155745e+00 1.127969795719948110e+01
6.171171171171170755e+00 1.380181964995749411e+01
6.186186186186185765e+00 7.352926733496614631e+00
6.201201201201200774e+00 9.689075618431814974e+00
6.216216216216215784e+00 1.644706185210687721e+01
6.231231231231230794e+00 1.350550268442362878e+01
6.246246246246245803e+00 1.030405021175800684e+01
6.261261261261260813e+00 1.141200653610061266e+01
6.276276276276275823e+00 8.292433255174875839e+00
6.291291291291290833e+00 1.436431557133989045e+01
6.306306306306305842e+00 1.129609428567833085e+01
6.321321321321320852e+00 1.425431029600006561e+01
6.336336336336335862e+00 1.683722076199759243e+01
6.351351351351350871e+00 1.330073128950833627e+01
6.366366366366365881e+00 1.146224556124549387e+01
6.381381381381380891e+00 1.662530899191529699e+01
6.396396396396395900e+00 1.047379951056789515e+01
6.411411411411411798e+00 1.201557448357717384e+01
6.426426426426426808e+00 1.733160789053348694e+01
6.441441441441441818e+00 1.302748930882420275e+01
6.456456456456456827e+00 8.530001732252431523e+00
6.471471471471471837e+00 1.206682705629507879e+01
6.486486486486486847e+00 1.251530715685780493e+01
6.501501501501501856e+00 1.548304811127884761e+01
6.516516516516516866e+00 1.372899706265138775e+01
6.531531531531531876e+00 1.366498105222103021e+01
6.546546546546546885e+00 8.925904435571128559e+00
6.561561561561561895e+00 1.410280601783024323e+01
6.576576576576576905e+00 1.544689386967195155e+01
6.591591591591591914e+00 1.497123505395280674e+01
6.606606606606606924e+00 1.181385531183131476e+01
6.621621621621621934e+00 1.063471670656334922e+01
6.636636636636636943e+00 9.212380929774614202e+00
6.651651651651651953e+00 1.108833313040576485e+01
6.666666666666666963e+00 1.672733950335574349e+01
6.681681681681681972e+00 9.024627569376933778e+00
6.696696696696696982e+00 1.649387396983753007e+01
6.711711711711711992e+00 1.546266639334589676e+01
6.726726726726727001e+00 9.130163431448277578e+00
6.741741741741742011e+00 1.268675428865275023e+01
6.756756756756757021e+00 1.126843596685915116e+01
6.771771771771772030e+00 1.470712954583029841e+01
6.786786786786787040e+00 1.681444587261247747e+01
6.801801801801802050e+00 1.328691363318269225e+01
6.816816816816817060e+00 1.863132498349366983e+01
6.831831831831832069e+00 1.297735126352437973e+01
6.846846846846847079e+00 1.066542664950259045e+01
6.861861861861862089e+00 1.269227132131766922e+01
6.876876876876877098e+00 1.308350622765884452e+01
6.891891891891892108e+00 1.922618131359845961e+01
6.906906906906907118e+00 1.460983336771580809e+01
6.921921921921922127e+00 1.343128407934212376e+01
6.936936936936937137e+00 1.525232831561398150e+01
6.951951951951952147e+00 1.174845854937766099e+01
6.966966966966967156e+00 1.024731785241763582e+01
6.981981981981982166e+00 1.431090509991854454e+01
6.996996996996997176e+00 1.912218729960854091e+01
7.012012012012012185e+00 1.037876380786213559e+01
7.027027027027027195e+00 1.807290765332294313e+01
7.042042042042042205e+00 1.450217921468265381e+01
7.057057057057057214e+00 1.799098130345018021e+01
7.072072072072072224e+00 1.170465062628447583e+01
7.087087087087087234e+00 1.239872069579695513e+01
7.102102102102102243e+00 1.231866348282228074e+01
7.117117117117117253e+00 1.605737794479543723e+01
7.132132132132132263e+00 1.073693421475266163e+01
7.147147147147147273e+00 1.726496845684715709e+01
7.162162162162162282e+00 1.669272320992670089e+01
7.177177177177177292e+00 1.716021523638771740e+01
7.192192192192192302e+00 1.785919092992129364e+01
7.207207207207207311e+00 1.380049455418514270e+01
7.222222222222222321e+00 1.264753786383686851e+01
7.237237237237237331e+00 1.152985496622699557e+01
7.252252252252252340e+00 1.787294826888047083e+01
7.267267267267267350e+00 1.381895429076627480e+01
7.282282282282282360e+00 1.163560043949597578e+01
7.297297297297297369e+00 1.318048006282062445e+01
7.312312312312312379e+00 1.951449889745062904e+01
7.327327327327327389e+00 1.825104315301192415e+01
7.342342342342342398e+00 1.221910526303942035e+01
7.357357357357357408e+00 1.206675596516772941e+01
7.372372372372372418e+00 1.688201832692266890e+01
7.387387387387387427e+00 1.743897832826611705e+01
7.402402402402402437e+00 2.137944208720765005e+01
7.417417417417417447e+00 1.504626366404185589e+01
7.432432432432432456e+00 1.759042024300069684e+01
7.447447447447447466e+00 1.441321541002962547e+01
7.462462462462462476e+00 1.210049162000912126e+01
7.477477477477477485e+00 1.303569329979489311e+01
7.492492492492492495e+00 1.652887944028160661e+01
7.507507507507507505e+00 2.157130839059398753e+01
7.522522522522522515e+00 1.562633333957289494e+01
7.537537537537537524e+00 1.545938233514510074e+01
7.552552552552552534e+00 1.543134251876922924e+01
7.567567567567567544e+00 1.364651664734822845e+01
7.582582582582582553e+00 1.951199549210457818e+01
7.597597597597597563e+00 2.256055258640878236e+01
7.612612612612612573e+00 1.641967962171457174e+01
7.627627627627627582e+00 1.633657037107675336e+01
7.642642642642642592e+00 1.516294566918330844e+01
7.657657657657657602e+00 1.417815906121913727e+01
7.672672672672672611e+00 2.162300278765015804e+01
7.687687687687687621e+00 1.815967541907871663e+01
7.702702702702702631e+00 1.866906470800849149e+01
7.717717717717717640e+00 1.698332370189854856e+01
7.732732732732732650e+00 2.067620488311092330e+01
7.747747747747747660e+00 2.074123784373551160e+01
7.762762762762762669e+00 2.298815866478123127e+01
7.777777777777777679e+00 2.193613665603385243e+01
7.792792792792792689e+00 1.656150345782570099e+01
7.807807807807807698e+00 2.029565979996669256e+01
7.822822822822822708e+00 2.277164617461257734e+01
7.837837837837837718e+00 1.920040627118365961e+01
7.852852852852852727e+00 2.295143809631050758e+01
7.867867867867867737e+00 2.233397315785393999e+01
7.882882882882882747e+00 1.565579632277910349e+01
7.897897897897897757e+00 1.947071000040043387e+01
7.912912912912912766e+00 2.400810528761922669e+01
7.927927927927927776e+00 2.185181040005058151e+01
7.942942942942942786e+00 2.234552162983694856e+01
7.957957957957957795e+00 1.705329442403343876e+01
7.972972972972972805e+00 2.087846724021103029e+01
7.987987987987987815e+00 1.602450075046558453e+01
8.003003003003003712e+00 2.440797514077585717e+01
8.018018018018018722e+00 2.507424036322994709e+01
8.033033033033033732e+00 1.905805381532486109e+01
8.048048048048048742e+00 2.484705206975093716e+01
8.063063063063063751e+00 1.562163717530892626e+01
8.078078078078078761e+00 1.570704019385193106e+01
8.093093093093093771e+00 2.339381114731246925e+01
8.108108108108108780e+00 2.135331528900543319e+01
8.123123123123123790e+00 2.244634182842025538e+01
8.138138138138138800e+00 2.576734143906389463e+01
8.153153153153153809e+00 1.789807027069205603e+01
8.168168168168168819e+00 1.973230655157006197e+01
8.183183183183183829e+00 2.614426085810334754e+01
8.198198198198198838e+00 2.335398601908362437e+01
8.213213213213213848e+00 2.469931213211211940e+01
8.228228228228228858e+00 2.342363854137715151e+01
8.243243243243243867e+00 2.169582661068446683e+01
8.258258258258258877e+00 2.489168383264880191e+01
8.273273273273273887e+00 2.649365679954762243e+01
8.288288288288288896e+00 2.100494820454343170e+01
8.303303303303303906e+00 2.167613229826149990e+01
8.318318318318318916e+00 2.020419873572100755e+01
8.333333333333333925e+00 2.678161840732335364e+01
8.348348348348348935e+00 2.182264465473238602e+01
8.363363363363363945e+00 2.435631805077033007e+01
8.378378378378378954e+00 2.738656571751382529e+01
8.393393393393393964e+00 2.536048201834982407e+01
8.408408408408408974e+00 2.250774880151887558e+01
8.423423423423423984e+00 2.814119115672588833e+01
8.438438438438438993e+00 2.223943431797590620e+01
8.453453453453454003e+00 2.102262162637610743e+01
8.468468468468469013e+00 2.575046707048943162e+01
8.483483483483484022e+00 1.950907489024130825e+01
8.498498498498499032e+00 1.957823516020310350e+01
8.513513513513514042e+00 2.308078692821878164e+01
8.528528528528529051e+00 2.580118955702958417e+01
8.543543543543544061e+00 2.145087338643888586e+01
8.558558558558559071e+00 2.810848793247596689e+01
8.573573573573574080e+00 1.970418504614706379e+01
8.588588588588589090e+00 2.751349342826732070e+01
8.603603603603604100e+00 2.775846971881934167e+01
8.618618618618619109e+00 2.465734807561921116e+01
8.633633633633634119e+00 2.361085085521159499e+01
8.648648648648649129e+00 2.452975888849416108e+01
8.663663663663664138e+00 3.002625029217341179e+01
8.678678678678679148e+00 2.071614048935708396e+01
8.693693693693694158e+00 2.525096659806849075e+01
8.708708708708709167e+00 2.117145531714818674e+01
8.723723723723724177e+00 2.393977144603977791e+01
8.738738738738739187e+00 2.289430828132772433e+01
8.753753753753754197e+00 2.396285770500074008e+01
8.768768768768769206e+00 3.032043183779968132e+01
8.783783783783784216e+00 3.027557896621974720e+01
8.798798798798799226e+00 2.885103680193564912e+01
8.813813813813814235e+00 2.912341111921799808e+01
8.828828828828829245e+00 2.453138977191998649e+01
8.843843843843844255e+00 3.222103491128360986e+01
8.858858858858859264e+00 2.672279846502293310e+01
8.873873873873874274e+00 2.417120949195397728e+01
8.888888888888889284e+00 2.905543437321615841e+01
8.903903903903904293e+00 2.508708351495382871e+01
8.918918918918919303e+00 2.669838435899404772e+01
8.933933933933934313e+00 2.786365650029898688e+01
8.948948948948949322e+00 2.472931438534946125e+01
8.963963963963964332e+00 2.916691625324062898e+01
8.978978978978979342e+00 2.948928724447550564e+01
8.993993993993994351e+00 2.529198772748330271e+01
9.009009009009009361e+00 2.648254179935666741e+01
9.024024024024024371e+00 2.741814338279648666e+01
9.039039039039039380e+00 2.780478649452368245e+01
9.054054054054054390e+00 2.587014273328459169e+01
9.069069069069069400e+00 2.978355404105709425e+01
9.084084084084084409e+00 2.705442464215670029e+01
9.099099099099099419e+00 2.914581375359250615e+01
9.114114114114114429e+00 3.379612371669353621e+01
9.129129129129129439e+00 2.750326539477503474e+01
9.144144144144144448e+00 3.368951471081869897e+01
9.159159159159159458e+00 3.227054870639581452e+01
9.174174174174174468e+00 2.630394670217308573e+01
9.189189189189189477e+00 2.685937795490520585e+01
9.204204204204204487e+00 2.910259573231444818e+01
9.219219219219219497e+00 2.859596993020872446e+01
9.234234234234234506e+00 2.966376293064541159e+01
9.249249249249249516e+00 3.554903850645212060e+01
9.264264264264264526e+00 2.853410223546240942e+01
9.279279279279279535e+00 3.729897268826189105e+01
9.294294294294294545e+00 3.203604874217220555e+01
9.309309309309309555e+00 2.839513210461373660e+01
9.324324324324324564e+00 3.517032712933394833e+01
9.339339339339339574e+00 3.232009044673546327e+01
9.354354354354354584e+00 3.633613521207076502e+01
9.369369369369369593e+00 2.989194530215901935e+01
9.384384384384384603e+00 3.496041121348860514e+01
9.399399399399399613e+00 2.960964859730235688e+01
9.414414414414414622e+00 3.113773488777951925e+01
9.429429429429429632e+00 3.229855866541690546e+01
9.444444444444444642e+00 3.630644538443483071e+01
9.459459459459459651e+00 3.336205312892269603e+01
9.474474474474474661e+00 3.998160452290895250e+01
9.489489489489489671e+00 3.288639622552155117e+01
9.504504504504504681e+00 3.725393461808764073e+01
9.519519519519519690e+00 3.746629481533902606e+01
9.534534534534534700e+00 3.924922370577264275e+01
9.549549549549549710e+00 3.888076918580145502e+01
9.564564564564564719e+00 4.074154797886004076e+01
9.579579579579579729e+00 3.287279250572882461e+01
9.594594594594594739e+00 3.195662819454174652e+01
9.609609609609609748e+00 3.854178531163102406e+01
9.624624624624624758e+00 3.511576927497066691e+01
9.639639639639639768e+00 4.050592097179240625e+01
9.654654654654654777e+00 4.254859092237236240e+01
9.669669669669669787e+00 4.206658430126305603e+01
9.684684684684684797e+00 3.387677133271596119e+01
9.699699699699699806e+00 3.591069157887780250e+01
9.714714714714714816e+00 4.239053963185443763e+01
9.729729729729729826e+00 3.487394851019785591e+01
9.744744744744744835e+00 3.658206629609510685e+01
9.759759759759759845e+00 4.221690104459243997e+01
9.774774774774774855e+00 3.599646307610028373e+01
9.789789789789789864e+00 4.034465031299419024e+01
9.804804804804804874e+00 4.039359624978686725e+01
9.819819819819819884e+00 3.913223425718701520e+01
9.834834834834834894e+00 3.809930914189049389e+01
9.849849849849849903e+00 3.877873596622797692e+01
9.864864864864864913e+00 4.242572622003574878e+01
9.879879879879879923e+00 3.694866570343598511e+01
9.894894894894894932e+00 4.523962440457358980e+01
9.909909909909909942e+00 3.960302687382197462e+01
9.924924924924924952e+00 4.347229672955725732e+01
9.939939939939939961e+00 3.763419046456912298e+01
9.954954954954954971e+00 3.924758638207770645e+01
9.969969969969969981e+00 4.401167682305877094e+01
9.984984984984984990e+00 4.405441073101874849e+01
1.000000000000000000e+01 4.690446818486054781e+01
1.001501501501501501e+01 4.170623334510406011e+01
1.003003003003003002e+01 4.249458211280698094e+01
1.004504504504504503e+01 4.242790846018031203e+01
1.006006006006006004e+01 4.831472856812729333e+01
1.007507507507507505e+01 4.891767261806425893e+01
1.009009009009009006e+01 4.273822060069274897e+01
1.010510510510510507e+01 4.933277378085008991e+01
1.012012012012012008e+01 4.916595813027239359e+01
1.013513513513513509e+01 4.580968798427590372e+01
1.015015015015015010e+01 4.431600343393847652e+01
1.016516516516516511e+01 4.385759424613343782e+01
1.018018018018018012e+01 4.782295231810792302e+01
1.019519519519519513e+01 4.694695801207156194e+01
1.021021021021021014e+01 4.438877663238928051e+01
1.022522522522522515e+01 4.953868115512887016e+01
1.024024024024024015e+01 4.386926108340915675e+01
1.025525525525525516e+01 5.257715699874495385e+01
1.027027027027027017e+01 4.593116434534901771e+01
1.028528528528528518e+01 4.775400861718151191e+01
1.030030030030030019e+01 5.324373555550197068e+01
1.031531531531531520e+01 4.573593339435036853e+01
1.033033033033033021e+01 4.949629903875297998e+01
1.034534534534534522e+01 4.869620922734316082e+01
1.036036036036036023e+01 4.764210894276216379e+01
1.037537537537537524e+01 4.895649770092362019e+01
1.039039039039039025e+01 5.559186387079283520e+01
1.040540540540540526e+01 5.625390230086365762e+01
1.042042042042042027e+01 5.193001881763696304e+01
1.043543543543543528e+01 5.379599907347270715e+01
1.045045045045045029e+01 5.731547461818188793e+01
1.046546546546546530e+01 5.812374033297995624e+01
1.048048048048048031e+01 5.399216782413636651e+01
1.049549549549549532e+01 5.559747654131582095e+01
1.051051051051051033e+01 5.539316320235383984e+01
1.052552552552552534e+01 5.876796803228720023e+01
1.054054054054054035e+01 5.826347781420371064e+01
1.055555555555555536e+01 5.088401841662705749e+01
1.057057057057057037e+01 6.064473718518991063e+01
1.058558558558558538e+01 5.516869537915250277e+01
1.060060060060060039e+01 5.418008801888073123e+01
1.061561561561561540e+01 5.521182965538782383e+01
1.063063063063063041e+01 5.419948650518448119e+01
1.064564564564564542e+01 5.751251008854899993e+01
1.066066066066066043e+01 5.671496228638974912e+01
1.067567567567567544e+01 5.415781187910107519e+01
1.069069069069069045e+01 5.663734276926999200e+01
1.070570570570570545e+01 6.255416614201506320e+01
1.072072072072072046e+01 6.077706226599850936e+01
1.073573573573573547e+01 5.867029519499983081e+01
1.075075075075075048e+01 6.037931127591789249e+01
1.076576576576576549e+01 5.951419780840202378e+01
1.078078078078078050e+01 5.935053168877971075e+01
1.079579579579579551e+01 6.651998404685990351e+01
1.081081081081081052e+01 5.732189706864249956e+01
1.082582582582582553e+01 6.357077015131353903e+01
1.084084084084084054e+01 6.717387414008823043e+01
1.085585585585585555e+01 5.986467317751175443e+01
1.087087087087087056e+01 6.718466218143633739e+01
1.088588588588588557e+01 6.697785223860833526e+01
1.090090090090090058e+01 6.124107963445358394e+01
1.091591591591591559e+01 6.696201560039069989e+01
1.093093093093093060e+01 6.926098069245958300e+01
1.094594594594594561e+01 6.219459418134891138e+01
1.096096096096096062e+01 6.627918623573404489e+01
1.097597597597597563e+01 6.279406328543367266e+01
1.099099099099099064e+01 6.900526683572644515e+01
1.100600600600600565e+01 6.494907002501840054e+01
1.102102102102102066e+01 6.736833684645139897e+01
1.103603603603603567e+01 6.829700987949689761e+01
1.105105105105105068e+01 7.294959050552624547e+01
1.106606606606606569e+01 7.081421991463871279e+01
1.108108108108108070e+01 6.749737342080408098e+01
1.109609609609609571e+01 6.644908243733522113e+01
1.111111111111111072e+01 7.418064743537229333e+01
1.112612612612612573e+01 7.197696701019955867e+01
1.114114114114114074e+01 7.476991433105754936e+01
1.115615615615615575e+01 7.509431281802362435e+01
1.117117117117117076e+01 7.806842815585709161e+01
1.118618618618618576e+01 7.279451498221725103e+01
1.120120120120120077e+01 7.455149345342249489e+01
1.121621621621621578e+01 7.642989208730226380e+01
1.123123123123123079e+01 7.630457457746223326e+01
1.124624624624624580e+01 7.785482602272405472e+01
1.126126126126126081e+01 7.507779349489528897e+01
1.127627627627627582e+01 7.119049552238558931e+01
1.129129129129129083e+01 7.299044487336013276e+01
1.130630630630630584e+01 7.299346925594659297e+01
1.132132132132132085e+01 7.178103275103796932e+01
1.133633633633633586e+01 7.354598985439949388e+01
1.135135135135135087e+01 7.930889831271593948e+01
1.136636636636636588e+01 7.632599183111800301e+01
1.138138138138138089e+01 7.487368539567965797e+01
1.139639639639639590e+01 7.886653041997656999e+01
1.141141141141141091e+01 7.702910642924618401e+01
1.142642642642642592e+01 7.350332316814254341e+01
1.144144144144144093e+01 7.099190053873334705e+01
1.145645645645645594e+01 7.118005827148169828e+01
1.147147147147147095e+01 7.422539988951562862e+01
1.148648648648648596e+01 7.532892090729620804e+01
1.150150150150150097e+01 7.956281438831686614e+01
1.151651651651651598e+01 7.649459542374627574e+01
1.153153153153153099e+01 7.743080880189435788e+01
1.154654654654654600e+01 8.019615323232603998e+01
1.156156156156156101e+01 8.059886686059319061e+01
1.157657657657657602e+01 7.525099612319510811e+01
1.159159159159159103e+01 7.559260608421045902e+01
1.160660660660660604e+01 7.265664033503122710e+01
1.162162162162162105e+01 7.409211252091637334e+01
1.163663663663663606e+01 7.275334205489434680e+01
1.165165165165165106e+01 7.397260745736613785e+01
1.166666666666666607e+01 7.508508520053945290e+01
1.168168168168168108e+01 7.921666187771778311e+01
1.169669669669669609e+01 7.946459653034359860e+01
1.171171171171171110e+01 7.793198588638378510e+01
1.172672672672672611e+01 7.964438395271750437e+01
1.174174174174174112e+01 7.779857956752256598e+01
1.175675675675675613e+01 7.131102890200000388e+01
1.177177177177177114e+01 7.338471494936884199e+01
1.178678678678678615e+01 7.193554975527200668e+01
1.180180180180180116e+01 7.712095713940989583e+01
1.181681681681681617e+01 7.616986817227476081e+01
1.183183183183183118e+01 7.570640893613573041e+01
1.184684684684684619e+01 7.680056457936717607e+01
1.186186186186186120e+01 7.979396420409979385e+01
1.187687687687687621e+01 7.121668657612781317e+01
1.189189189189189122e+01 7.506040413548070944e+01
1.190690690690690623e+01 7.098290395446697687e+01
1.192192192192192124e+01 7.252194138301999260e+01
1.193693693693693625e+01 7.614817956485187267e+01
1.195195195195195126e+01 8.065376896362585057e+01
1.196696696696696627e+01 7.137134482686313675e+01
1.198198198198198128e+01 7.145374543018805014e+01
1.199699699699699629e+01 7.447653109241986158e+01
1.201201201201201130e+01 8.028304932369793789e+01
1.202702702702702631e+01 7.739747959779450071e+01
1.204204204204204132e+01 7.288761315124384055e+01
1.205705705705705633e+01 7.805289655470708965e+01
1.207207207207207134e+01 7.994998311618847708e+01
1.208708708708708635e+01 7.380345335476469870e+01
1.210210210210210136e+01 7.863720380994993775e+01
1.211711711711711636e+01 7.613731249939783652e+01
1.213213213213213137e+01 7.254092060298685851e+01
1.214714714714714638e+01 7.700187835153170113e+01
1.216216216216216139e+01 7.340502776361401516e+01
1.217717717717717640e+01 7.981691348120929774e+01
1.219219219219219141e+01 7.242917332852618983e+01
1.220720720720720642e+01 7.360112745460979511e+01
1.222222222222222143e+01 7.407291114071261973e+01
1.223723723723723644e+01 7.442382972618756298e+01
1.225225225225225145e+01 8.028768829187228562e+01
1.226726726726726646e+01 7.253143584433428259e+01
1.228228228228228147e+01 7.955186113475122056e+01
1.229729729729729648e+01 7.378764477075446848e+01
1.231231231231231149e+01 7.680846895266240892e+01
1.232732732732732650e+01 8.007011564153077643e+01
1.234234234234234151e+01 8.069656557649545903e+01
1.235735735735735652e+01 7.394810490269185266e+01
1.237237237237237153e+01 7.846183426828569907e+01
1.238738738738738654e+01 7.375921096035574465e+01
1.240240240240240155e+01 7.332801772679027863e+01
1.241741741741741656e+01 7.874850595594456593e+01
1.243243243243243157e+01 7.244473521897417356e+01
1.244744744744744658e+01 7.947423699314266798e+01
1.246246246246246159e+01 7.657353298783679918e+01
1.247747747747747660e+01 7.425671611443186748e+01
1.249249249249249161e+01 7.887068236394368625e+01
1.250750750750750662e+01 7.505838955628195208e+01
1.252252252252252163e+01 7.807911463077051906e+01
1.253753753753753664e+01 7.202471483867586244e+01
1.255255255255255165e+01 7.820542567202254247e+01
1.256756756756756666e+01 7.985262621648469405e+01
1.258258258258258167e+01 7.187001419827022630e+01
1.259759759759759667e+01 7.834158757705711196e+01
1.261261261261261168e+01 7.531031353564917197e+01
1.262762762762762669e+01 7.328669007144227976e+01
1.264264264264264170e+01 7.232666107340476458e+01
1.265765765765765671e+01 7.701045536734066843e+01
1.267267267267267172e+01 7.237207015766480822e+01
1.268768768768768673e+01 7.837961544227594857e+01
1.270270270270270174e+01 7.814340604882113439e+01
1.271771771771771675e+01 7.874901538087071629e+01
1.273273273273273176e+01 7.719315375747353869e+01
1.274774774774774677e+01 7.651319527689192057e+01
1.276276276276276178e+01 7.391320081998911462e+01
1.277777777777777679e+01 7.335695246432136685e+01
1.279279279279279180e+01 7.684979101897823739e+01
1.280780780780780681e+01 7.356807214142904172e+01
1.282282282282282360e+01 7.412268199413816205e+01
1.283783783783783861e+01 7.084256907613533372e+01
1.285285285285285362e+01 7.378772853349973104e+01
1.286786786786786863e+01 7.110647034007182299e+01
1.288288288288288364e+01 7.562223083302194482e+01
1.289789789789789864e+01 7.678634249704957426e+01
1.291291291291291365e+01 7.132215629545378022e+01
1.292792792792792866e+01 7.966497459257840319e+01
1.294294294294294367e+01 7.102821745159975819e+01
1.295795795795795868e+01 7.232598643616699974e+01
1.297297297297297369e+01 7.939513440193236704e+01
1.298798798798798870e+01 7.151024022313598039e+01
1.300300300300300371e+01 7.700228182675364508e+01
1.301801801801801872e+01 7.094907150909540405e+01
1.303303303303303373e+01 7.402755247640639880e+01
1.304804804804804874e+01 7.327421568320539791e+01
1.306306306306306375e+01 7.304083841233106966e+01
1.307807807807807876e+01 7.824380693413320387e+01
1.309309309309309377e+01 7.090328892319153908e+01
1.310810810810810878e+01 7.167620801688374854e+01
1.312312312312312379e+01 7.361396126057636025e+01
1.313813813813813880e+01 7.265788273828454180e+01
1.315315315315315381e+01 7.944142046156402159e+01
1.316816816816816882e+01 7.352689928115717066e+01
1.318318318318318383e+01 7.369221682347706803e+01
1.319819819819819884e+01 7.301646853921418767e+01
1.321321321321321385e+01 8.068068177774263461e+01
1.322822822822822886e+01 8.006945975520545744e+01
1.324324324324324387e+01 7.592347795791182818e+01
1.325825825825825888e+01 7.455765176900625590e+01
1.327327327327327389e+01 7.089861260946031507e+01
1.328828828828828890e+01 7.513833182113648945e+01
1.330330330330330391e+01 7.099151393662616272e+01
1.331831831831831892e+01 7.682379551483218449e+01
1.333333333333333393e+01 7.878435691857309564e+01
1.334834834834834894e+01 8.000917966363327594e+01
1.336336336336336394e+01 7.413327015388507846e+01
1.337837837837837895e+01 7.772734113663017297e+01
1.339339339339339396e+01 7.261260935735924704e+01
1.340840840840840897e+01 7.679738592388018503e+01
1.342342342342342398e+01 7.943234027631916661e+01
1.343843843843843899e+01 7.669522900194806425e+01
1.345345345345345400e+01 7.203781427500780410e+01
1.346846846846846901e+01 7.555073433512581005e+01
1.348348348348348402e+01 7.766441094574156523e+01
1.349849849849849903e+01 7.557375003639840827e+01
1.351351351351351404e+01 7.488457653474620201e+01
1.352852852852852905e+01 7.838090225664996069e+01
1.354354354354354406e+01 7.857039830736960084e+01
1.355855855855855907e+01 7.456751479380773162e+01
1.357357357357357408e+01 7.330300233947895094e+01
1.358858858858858909e+01 7.359807426981069511e+01
1.360360360360360410e+01 7.750951086428273129e+01
1.361861861861861911e+01 7.373160426872732387e+01
1.363363363363363412e+01 7.434012772979838246e+01
1.364864864864864913e+01 7.209967083064479709e+01
1.366366366366366414e+01 7.749840802624612479e+01
1.367867867867867915e+01 7.478943284276020620e+01
1.369369369369369416e+01 7.811807134267964159e+01
1.370870870870870917e+01 7.868594876278616823e+01
1.372372372372372418e+01 7.546081812362757546e+01
1.373873873873873919e+01 7.792059083336661729e+01
1.375375375375375420e+01 7.546054047069360138e+01
1.376876876876876921e+01 7.521239513106085894e+01
1.378378378378378422e+01 8.054999085734101527e+01
1.379879879879879923e+01 7.753481159749128437e+01
1.381381381381381424e+01 7.229911273924152226e+01
1.382882882882882924e+01 7.282627109867657111e+01
1.384384384384384425e+01 7.306014561341224578e+01
1.385885885885885926e+01 7.908582090875377446e+01
1.387387387387387427e+01 7.236509058535501993e+01
1.388888888888888928e+01 7.529166565913881470e+01
1.390390390390390429e+01 7.335225757394297830e+01
1.391891891891891930e+01 7.501344587615089665e+01
1.393393393393393431e+01 7.975903114382440151e+01
1.394894894894894932e+01 7.893814968908037599e+01
1.396396396396396433e+01 7.182920022389876635e+01
1.397897897897897934e+01 7.879172383292427639e+01
1.399399399399399435e+01 7.208007941960690346e+01
1.400900900900900936e+01 7.561445619153474240e+01
1.402402402402402437e+01 7.660288903899402158e+01
1.403903903903903938e+01 7.861055110447590266e+01
1.405405405405405439e+01 7.782380964794566580e+01
1.406906906906906940e+01 7.532620982045762048e+01
1.408408408408408441e+01 7.203719188523741934e+01
1.409909909909909942e+01 7.307765839530217988e+01
1.411411411411411443e+01 8.042106158182467368e+01
1.412912912912912944e+01 7.557620022900154311e+01
1.414414414414414445e+01 7.131321061429521535e+01
1.415915915915915946e+01 7.986154213741170338e+01
1.417417417417417447e+01 7.316495536495276042e+01
1.418918918918918948e+01 8.003932299887441104e+01
1.420420420420420449e+01 7.587230983501341086e+01
1.421921921921921950e+01 8.045642443635530583e+01
1.423423423423423451e+01 7.424144179601309190e+01
1.424924924924924952e+01 7.604195131075179859e+01
1.426426426426426453e+01 7.585873248804178104e+01
1.427927927927927954e+01 7.865405636426389435e+01
1.429429429429429455e+01 7.836410655275764725e+01
1.430930930930930955e+01 7.310655795800236945e+01
1.432432432432432456e+01 7.841831468633112934e+01
1.433933933933933957e+01 7.347565004681005973e+01
1.435435435435435458e+01 7.678032433144069557e+01
1.436936936936936959e+01 7.901176000384367626e+01
1.438438438438438460e+01 7.773560365673188244e+01
1.439939939939939961e+01 7.918368235140492573e+01
1.441441441441441462e+01 7.948814077198980499e+01
1.442942942942942963e+01 7.969610639993554457e+01
1.444444444444444464e+01 7.409173113630183138e+01
1.445945945945945965e+01 7.952858875931917737e+01
1.447447447447447466e+01 7.753432195278185191e+01
1.448948948948948967e+01 7.400692984646681793e+01
1.450450450450450468e+01 7.495638721888988698e+01
1.451951951951951969e+01 7.598647491043061564e+01
1.453453453453453470e+01 7.371207148659308928e+01
1.454954954954954971e+01 8.049805859423472043e+01
1.456456456456456472e+01 7.782577065995020860e+01
1.457957957957957973e+01 7.390681373617482564e+01
1.459459459459459474e+01 7.209864050151620063e+01
1.460960960960960975e+01 7.170846390131471537e+01
1.462462462462462476e+01 7.159118319251413709e+01
1.463963963963963977e+01 7.214936600699628855e+01
1.465465465465465478e+01 7.264813319262252378e+01
1.466966966966966979e+01 7.670933717350649772e+01
1.468468468468468480e+01 7.685914719153382180e+01
1.469969969969969981e+01 7.591493559696367299e+01
1.471471471471471482e+01 8.067319363844841007e+01
1.472972972972972983e+01 7.740132648186295228e+01
1.474474474474474484e+01 7.438703109568186278e+01
1.475975975975975985e+01 7.556472564180920415e+01
1.477477477477477485e+01 7.189538651132571090e+01
1.478978978978978986e+01 7.690757988064339656e+01
1.480480480480480487e+01 7.224751647706040103e+01
1.481981981981981988e+01 7.244976633507295105e+01
1.483483483483483489e+01 7.201190459661934540e+01
1.484984984984984990e+01 7.817343344370789282e+01
1.486486486486486491e+01 7.769290240011225990e+01
1.487987987987987992e+01 8.026585466774282906e+01
1.489489489489489493e+01 7.987308207652945669e+01
1.490990990990990994e+01 7.686835008320861107e+01
1.492492492492492495e+01 7.377970852620566689e+01
1.493993993993993996e+01 7.524150161088101640e+01
1.495495495495495497e+01 7.246692201392998811e+01
1.496996996996996998e+01 7.267134146747784484e+01
1.498498498498498499e+01 7.300913632634232897e+01
1.500000000000000000e+01 7.536455656994822050e+01
